118
4
0.051267 0.69956 0.002628305 0.489384194 1
-0.092742 0.68494 0.008601079 0.469142804 1
-0.21371 0.69225 0.045671964 0.479210063 1
-0.375 0.50219 0.140625 0.252194796 1
-0.51325 0.46564 0.263425563 0.21682061 1
-0.52477 0.2098 0.275383553 0.04401604 1
-0.39804 0.034357 0.158435842 0.001180403 1
-0.30588 -0.19225 0.093562574 0.036960063 1
0.016705 -0.40424 0.000279057 0.163409978 1
0.13191 -0.51389 0.017400248 0.264082932 1
0.38537 -0.56506 0.148510037 0.319292804 1
0.52938 -0.5212 0.280243184 0.27164944 1
0.63882 -0.24342 0.408090992 0.059253296 1
0.73675 -0.18494 0.542800563 0.034202804 1
0.54666 0.48757 0.298837156 0.237724505 1
0.322 0.5826 0.103684 0.33942276 1
0.16647 0.53874 0.027712261 0.290240788 1
-0.046659 0.81652 0.002177062 0.66670491 1
-0.17339 0.69956 0.030064092 0.489384194 1
-0.47869 0.63377 0.229144116 0.401664413 1
-0.60541 0.59722 0.366521268 0.356671728 1
-0.62846 0.33406 0.394961972 0.111596084 1
-0.59389 0.005117 0.352705332 2.61837E-05 1
-0.42108 -0.27266 0.177308366 0.074343476 1
-0.11578 -0.39693 0.013405008 0.157553425 1
0.20104 -0.60161 0.040417082 0.361934592 1
0.46601 -0.53582 0.21716532 0.287103072 1
0.67339 -0.53582 0.453454092 0.287103072 1
-0.13882 0.54605 0.019270992 0.298170603 1
-0.29435 0.77997 0.086641923 0.608353201 1
-0.26555 0.96272 0.070516803 0.926829798 1
-0.16187 0.8019 0.026201897 0.64304361 1
-0.17339 0.64839 0.030064092 0.420409592 1
-0.28283 0.47295 0.079992809 0.223681703 1
-0.36348 0.31213 0.13211771 0.097425137 1
-0.30012 0.027047 0.090072014 0.00073154 1
-0.23675 -0.21418 0.056050563 0.045873072 1
-0.06394 -0.18494 0.004088324 0.034202804 1
0.062788 -0.16301 0.003942333 0.02657226 1
0.22984 -0.41155 0.052826426 0.169373403 1
0.2932 -0.2288 0.08596624 0.05234944 1
0.48329 -0.18494 0.233569224 0.034202804 1
0.64459 -0.14108 0.415496268 0.019903566 1
0.46025 0.012427 0.211830063 0.00015443 1
0.6273 0.15863 0.39350529 0.025163477 1
0.57546 0.26827 0.331154212 0.071968793 1
0.72523 0.44371 0.525958553 0.196878564 1
0.22408 0.52412 0.050211846 0.274701774 1
0.44297 0.67032 0.196222421 0.449328902 1
0.322 0.69225 0.103684 0.479210063 1
0.13767 0.57529 0.018953029 0.330958584 1
-0.0063364 0.39985 4.015E-05 0.159880023 1
-0.092742 0.55336 0.008601079 0.30620729 1
-0.20795 0.35599 0.043243203 0.12672888 1
-0.20795 0.17325 0.043243203 0.030015563 1
-0.43836 0.21711 0.19215949 0.047136752 1
-0.21947 -0.016813 0.048167081 0.000282677 1
-0.13882 -0.27266 0.019270992 0.074343476 1
0.18376 0.93348 0.033767738 0.87138491 -1
0.22408 0.77997 0.050211846 0.608353201 -1
0.29896 0.61915 0.089377082 0.383346723 -1
0.50634 0.75804 0.256380196 0.574624642 -1
0.61578 0.7288 0.379185008 0.53114944 -1
0.60426 0.59722 0.365130148 0.356671728 -1
0.76555 0.50219 0.586066803 0.252194796 -1
0.92684 0.3633 0.859032386 0.13198689 -1
0.82316 0.27558 0.677592386 0.075944336 -1
0.96141 0.085526 0.924309188 0.007314697 -1
0.93836 0.012427 0.88051949 0.00015443 -1
0.86348 -0.082602 0.74559771 0.00682309 -1
0.89804 -0.20687 0.806475842 0.042795197 -1
0.85196 -0.36769 0.725835842 0.135195936 -1
0.82892 -0.5212 0.687108366 0.27164944 -1
0.79435 -0.55775 0.630991923 0.311085063 -1
0.59274 -0.7405 0.351340708 0.54834025 -1
0.51786 -0.5943 0.26817898 0.35319249 -1
0.46601 -0.41886 0.21716532 0.1754437 -1
0.35081 -0.57968 0.123067656 0.336028902 -1
0.28744 -0.76974 0.082621754 0.592499668 -1
0.085829 -0.75512 0.007366617 0.570206214 -1
0.14919 -0.57968 0.022257656 0.336028902 -1
-0.13306 -0.4481 0.017704964 0.20079361 -1
-0.40956 -0.41155 0.167739394 0.169373403 -1
-0.39228 -0.25804 0.153883598 0.066584642 -1
-0.74366 -0.25804 0.553030196 0.066584642 -1
-0.69758 0.041667 0.486617856 0.001736139 -1
-0.75518 0.2902 0.570296832 0.08421604 -1
-0.69758 0.68494 0.486617856 0.469142804 -1
-0.4038 0.70687 0.16305444 0.499665197 -1
-0.38076 0.91886 0.144978178 0.8443037 -1
-0.50749 0.90424 0.2575461 0.817649978 -1
-0.54781 0.70687 0.300095796 0.499665197 -1
0.10311 0.77997 0.010631672 0.608353201 -1
0.057028 0.91886 0.003252193 0.8443037 -1
-0.10426 0.99196 0.010870148 0.983984642 -1
-0.081221 1.1089 0.006596851 1.22965921 -1
0.28744 1.087 0.082621754 1.181569 -1
0.39689 0.82383 0.157521672 0.678695869 -1
0.63882 0.88962 0.408090992 0.791423744 -1
0.82316 0.66301 0.677592386 0.43958226 -1
0.67339 0.64108 0.453454092 0.410983566 -1
1.0709 0.10015 1.14682681 0.010030023 -1
-0.046659 -0.57968 0.002177062 0.336028902 -1
-0.23675 -0.63816 0.056050563 0.407248186 -1
-0.15035 -0.36769 0.022605123 0.135195936 -1
-0.49021 -0.3019 0.240305844 0.09114361 -1
-0.46717 -0.13377 0.218247809 0.017894413 -1
-0.28859 -0.060673 0.083284188 0.003681213 -1
-0.61118 -0.067982 0.373540992 0.004621552 -1
-0.66302 -0.21418 0.43959552 0.045873072 -1
-0.59965 -0.41886 0.359580123 0.1754437 -1
-0.72638 -0.082602 0.527627904 0.00682309 -1
-0.83007 0.31213 0.689016205 0.097425137 -1
-0.72062 0.53874 0.519293184 0.290240788 -1
-0.59389 0.49488 0.352705332 0.244906214 -1
-0.48445 0.99927 0.234691803 0.998540533 -1
-0.0063364 0.99927 4.015E-05 0.998540533 -1
0.63265 -0.030612 0.400246023 0.000937095 -1
1
0.1
0.1
